
[13.93452, 121.64377],
[13.93826, 121.64379],
[13.93864, 121.64388],
[13.93957, 121.64427],
[13.94029, 121.64458],
[13.94257, 121.64557],
[13.94333, 121.64589],
[13.94359, 121.646],
[13.94397, 121.64612],
[13.9448, 121.64632],
[13.94946, 121.64738],
[13.94985, 121.64755],
[13.95017, 121.64776],
[13.9521, 121.64917],
[13.95263, 121.64952],
[13.95369, 121.65028],
[13.95383, 121.6504],
[13.95398, 121.65055],
[13.95414, 121.65076],
[13.95444, 121.65112],
[13.95476, 121.65153],
[13.95499, 121.65181],
[13.95512, 121.65191],
[13.95522, 121.65196],
[13.95537, 121.65198],
[13.95565, 121.65195],
[13.9559, 121.65191],
[13.95648, 121.65181],
[13.95657, 121.65179],
[13.95668, 121.65176],
[13.95674, 121.65173],
[13.9568, 121.65169],
[13.95707, 121.65143],
[13.95732, 121.65118],
[13.95752, 121.65095],
[13.95752, 121.65095],
[13.95768, 121.65109],
[13.95828, 121.6516],
[13.95908, 121.65232],
[13.95908, 121.65232],
[13.95917, 121.65232],
[13.95929, 121.6523],
[13.95934, 121.65228],
[13.9594, 121.65223],
[13.95943, 121.65218],
[13.95946, 121.65213],
[13.95948, 121.65205],
[13.95949, 121.65196],
[13.95949, 121.65196],
[13.95942, 121.6517],
[13.95935, 121.65139],
[13.9593, 121.65116],
[13.95927, 121.65088],
[13.95925, 121.65052],
[13.95925, 121.65031],
[13.95926, 121.64993],
[13.95928, 121.64937],
[13.95928, 121.64925],
[13.95929, 121.64911],
[13.95935, 121.64766],
[13.95935, 121.6476],
[13.95944, 121.64538],
[13.9595, 121.64394],
[13.95957, 121.64374],
[13.95965, 121.64152],
[13.95965, 121.64141],
[13.95967, 121.64101],
[13.95969, 121.64058],
[13.9598, 121.63771],
[13.95986, 121.6361],
[13.9599, 121.63495],
[13.95991, 121.6348],
[13.95992, 121.63452],
[13.95993, 121.63424],
[13.95994, 121.63414],
[13.95994, 121.63408],
[13.95997, 121.63343],
[13.95991, 121.63313],
[13.95992, 121.63285],
[13.95994, 121.63255],
[13.95995, 121.63228],
[13.95997, 121.63189],
[13.96002, 121.63075],
[13.96002, 121.6307],
[13.96002, 121.6307],